"Status","Start Time","Stop Time","Duration in ms","Parent Suite","Suite","Sub Suite","Test Class","Test Method","Name","Description"
"passed","Wed Dec 13 23:24:41 PET 2023","Wed Dec 13 23:25:19 PET 2023","38000","","template spec","","","","passes",""
